>M00008_2.00	M00008_2.00:HMGA1:HMGA2	2.6711
0.282959	0.248465	0.245993	0.222583
0.316659	0.184532	0.236944	0.261864
0.377778	0.112652	0.209413	0.300157
0.616393	0.0689847	0.111484	0.203138
0.675764	0.0427703	0.0631709	0.218294
0.326032	0.133887	0.0820227	0.458058
0.321153	0.137266	0.112384	0.429198
>M00044_2.00	M00044_2.00:FOXP3	5.34275
0.242573	0.257573	0.299257	0.200598
0.388668	0.112474	0.408595	0.0902628
0.193539	0.116219	0.0970744	0.593168
0.567331	0.240073	0.0147456	0.17785
0.726254	0.17731	0.0221514	0.0742843
0.88273	0.0146292	0.0370778	0.0655635
0.0801658	0.688212	0.0496053	0.182017
0.871825	0.0404711	0.0362554	0.0514489
0.497502	0.159111	0.141118	0.202269
>M00056_2.00	M00056_2.00:ALX1:ALX3:ALX4:ARX:DRGX:EN1:EN2:ESX1:GBX1:GBX2:HESX1:ISX:MIXL1:MSX1:MSX2:NOBOX:OTP:PHOX2A:PHOX2B:PROP1:PRRX1:PRRX2:RAX:RAX2:SEBOX:SHOX:SHOX2:UNCX:VSX1:VSX2	6.38322
0.0709225	0.0709225	0.00795025	0.850205
0.866502	0.0133964	0.0133964	0.106705
0.87326	0.0127183	0.0190458	0.094976
6.20964e-05	6.20964e-05	6.20964e-05	0.999814
0.751428	0.0311103	0.018691	0.19877
0.635123	0.0503647	0.0063506	0.308161
0.669102	0.0615964	0.0308367	0.238465
0.206916	0.0575597	0.0575597	0.677964
>M00060_2.00	M00060_2.00:HSF2:HSF4	3.78647
0.320154	0.181055	0.206191	0.292599
0.2317	0.238756	0.197442	0.332102
0.223589	0.242212	0.287095	0.247105
0.161512	0.025143	0.029212	0.784133
0.138264	0.0513756	0.0758807	0.73448
0.0923151	0.709959	0.122145	0.0755812
0.148989	0.381409	0.144586	0.325016
0.4735	0.149928	0.202381	0.174191
0.182247	0.28582	0.153755	0.378177
>M00066_2.00	M00066_2.00:RFX1:RFX2:RFX3:RFX4	6.91984
0.228304	0.228304	0.228304	0.315088
0.11995	0.353086	0.407015	0.11995
0.000129951	0.000129951	0.99961	0.000129951
0.000129951	0.000129951	0.000129951	0.99961
0.000129951	0.000129951	0.000129951	0.99961
0.0869142	0.000129951	0.912826	0.000129951
0.000129951	0.99961	0.000129951	0.000129951
0.000129951	0.437251	0.000129951	0.562489
0.934522	0.021826	0.021826	0.021826
0.13018	0.304898	0.261306	0.303616
>M00070_2.00	M00070_2.00:CIC:SOX1:SOX10:SOX11:SOX12:SOX13:SOX14:SOX15:SOX17:SOX18:SOX2:SOX21:SOX3:SOX4:SOX5:SOX6:SOX7:SOX8:SOX9:SRY	7.3059
0.268573	0.272224	0.178881	0.280322
0.509793	0.098806	0.292595	0.098806
0.848016	0.0506614	0.0506614	0.0506614
0.999893	3.58234e-05	3.58234e-05	3.58234e-05
3.58234e-05	0.903786	3.58234e-05	0.0961423
0.903786	3.58234e-05	3.58234e-05	0.0961423
0.999893	3.58234e-05	3.58234e-05	3.58234e-05
3.58234e-05	3.58234e-05	3.58234e-05	0.999893
0.59126	0.0711547	0.0711547	0.266431
0.345743	0.15123	0.257625	0.245401
0.199374	0.199374	0.199374	0.401877
>M00111_2.00	M00111_2.00:TFAP2A:TFAP2B:TFAP2C:TFAP2D:TFAP2E	5.63977
0.220377	0.335405	0.102037	0.342181
0.111784	0.19375	0.669524	0.0249423
0.00955289	0.989147	0.000370406	0.000929455
0.000437167	0.891193	0.000323861	0.108046
0.0462226	0.377462	0.191229	0.385087
0.132612	0.336106	0.329451	0.20183
0.430307	0.248265	0.229178	0.0922497
0.301624	0.0247588	0.651437	0.0221798
0.0551008	0.00043135	0.943092	0.00137598
0.095237	0.349453	0.435445	0.119865
>M00112_2.00	M00112_2.00:TFAP2A:TFAP2B:TFAP2C:TFAP2D:TFAP2E	6.72962
1.94012e-05	0.999823	3.75373e-05	0.000119741
9.08529e-05	0.899183	9.26882e-05	0.100634
0.0230421	0.234469	0.177208	0.565281
0.107618	0.390953	0.394882	0.106547
0.537857	0.155647	0.286458	0.0200372
0.0516492	2.2697e-05	0.948115	0.0002132
1.40897e-05	1.07558e-05	0.99993	4.49451e-05
1.06017e-05	0.667311	0.331377	0.00130116
0.201422	0.246017	0.349115	0.203446
0.598826	0.108307	0.129667	0.163199
>M00113_2.00	M00113_2.00:TFAP2A:TFAP2B:TFAP2C:TFAP2D:TFAP2E	6.30861
0.194725	0.400049	0.150143	0.255083
0.0896002	0.325498	0.52603	0.0588715
8.60885e-05	0.989917	0.000243563	0.00975345
0.00124809	0.813717	0.0123248	0.17271
0.0706894	0.449572	0.225494	0.254244
0.114154	0.272476	0.444767	0.168603
0.586691	0.182089	0.161499	0.0697208
0.199175	0.00192357	0.791701	0.00720074
0.0193589	0.000265312	0.975696	0.00467931
0.0617475	0.509308	0.305837	0.123107
>M00114_2.00	M00114_2.00:TFAP2A:TFAP2B:TFAP2C:TFAP2D:TFAP2E	6.32154
0.213214	0.176319	0.135951	0.474516
0.222124	0.321576	0.134725	0.321576
0.00478363	0.213834	0.753855	0.0275279
0.000430839	0.961004	0.000168298	0.038397
0.000296265	0.937765	0.000164228	0.061775
0.00127416	0.327763	0.13595	0.535013
0.122837	0.31446	0.391841	0.170862
0.45499	0.254748	0.230506	0.0597563
0.118505	0.0011331	0.841307	0.0390545
0.0028714	0.00165665	0.957955	0.0375172
>M00115_2.00	M00115_2.00:ARID3A:ARID3B:ARID3C	4.35354
0.246578	0.267115	0.232219	0.254088
0.378326	0.089636	0.246105	0.285933
0.932211	0.0200366	0.0244727	0.0232792
0.109459	0.0571426	0.0942122	0.739186
0.198441	0.333784	0.113351	0.354424
0.708755	0.0564588	0.138866	0.0959196
0.607308	0.100387	0.141039	0.151265
0.519306	0.108039	0.187259	0.185396
0.347377	0.202433	0.18501	0.26518
>M00116_2.00	M00116_2.00:ARID5A:ARID5B	7.25384
0.29992	0.199062	0.199062	0.301956
0.282795	0.466267	0.0732192	0.177718
0.928776	0.0237413	0.0237413	0.0237413
0.999535	0.000154848	0.000154848	0.000154848
0.000154848	0.000154848	0.000154848	0.999535
0.999535	0.000154848	0.000154848	0.000154848
0.000154848	0.000154848	0.000154848	0.999535
0.000154848	0.0972586	0.000154848	0.902432
0.542245	0.0510925	0.149621	0.257042
0.176936	0.277743	0.176936	0.368385
0.226414	0.320759	0.226414	0.226414
>M00117_2.00	M00117_2.00:ASCL1:ASCL2	5.60497
0.315548	0.181281	0.304969	0.198202
0.342567	0.21565	0.329096	0.112687
0.0362955	0.956859	2.51998e-11	0.00684525
0.887445	0.0260361	0.0520401	0.0344795
0.0223128	0.233167	0.582932	0.161589
0.161589	0.582932	0.233167	0.0223128
0.0344795	0.0520401	0.0260361	0.887445
0.00684525	2.51998e-11	0.956859	0.0362955
0.112687	0.329096	0.21565	0.342567
0.198202	0.304969	0.181281	0.315548
>M00118_2.00	M00118_2.00:TCF12:TCF3:TCF4	5.63995
0.309764	0.253613	0.319197	0.117426
0.00888625	0.986837	0.000974827	0.00330192
0.987615	0.00121567	0.00692607	0.0042431
0.00340049	0.654532	0.138923	0.203145
0.0028838	0.803606	0.186627	0.00688338
0.0117618	0.0175465	0.0316537	0.939038
0.00261282	0.00300546	0.973045	0.0213367
0.122099	0.32209	0.297327	0.258484
>M00119_2.00	M00119_2.00:BHLHE40:BHLHE41	6.07285
0.298964	0.0927886	0.284383	0.323864
0.157282	0.786851	0.0296078	0.0262598
0.671267	0.0955038	0.146814	0.0864155
0.0059407	0.890538	0.0243328	0.0791881
0.0464987	0.0230906	0.924659	0.0057513
0.0639226	0.0561302	0.0278734	0.852074
9.60643e-05	0.000143311	0.999507	0.000253412
0.460642	0.404487	0.0564085	0.0784625
0.157955	0.404362	0.242818	0.194866
>M00120_2.00	M00120_2.00:MYF5:MYF6:MYOG	4.67698
0.289475	0.254187	0.269905	0.186433
0.0525899	0.774738	0.0520667	0.120605
0.533145	0.105509	0.232478	0.128869
0.266544	0.300527	0.261266	0.171664
0.190214	0.458588	0.173843	0.177355
0.000604387	0.000377743	0.000312378	0.998705
0.00176529	0.00213467	0.869844	0.126256
0.234495	0.165246	0.14656	0.453699
0.0183433	0.468373	0.0721873	0.441097
>M00121_2.00	M00121_2.00:MAX	5.28161
0.18866	0.365019	0.265058	0.181263
0.161107	0.707733	0.0753442	0.0558163
0.553702	0.0644975	0.272224	0.109577
0.0163834	0.817513	0.0764217	0.0896817
0.280383	0.0691415	0.649469	0.00100617
0.0589792	0.00621636	0.0304835	0.904321
0.000164896	9.82879e-06	0.999805	1.97928e-05
0.194467	0.254745	0.333707	0.21708
0.178079	0.273753	0.233277	0.314891
>M00122_2.00	M00122_2.00:MAX	5.30617
0.351977	0.203073	0.23359	0.211361
0.227947	0.29269	0.234889	0.244475
0.166972	0.733497	0.0544794	0.0450523
0.619065	0.0441773	0.239418	0.09734
0.00765135	0.849699	0.0548654	0.0877843
0.330225	0.029072	0.638917	0.00178564
0.10174	0.0205409	0.021594	0.856125
0.000389094	4.86096e-05	0.968807	0.0307554
0.187081	0.24507	0.354796	0.213053
>M00123_2.00	M00123_2.00:MAF:MAFA:MAFB:MAFG:MAFK	3.49307
0.204029	0.225487	0.20608	0.364404
0.236887	0.356945	0.180834	0.225334
0.366431	0.17309	0.224485	0.235995
0.211095	0.124252	0.479292	0.185362
0.221482	0.544759	0.112207	0.121552
0.581822	0.053848	0.253703	0.110627
0.397568	0.193517	0.184079	0.224835
0.4085	0.110221	0.169439	0.31184
0.374779	0.157014	0.132467	0.33574
0.299479	0.21316	0.169363	0.317998
>M00124_2.00	M00124_2.00:ATF1:CREB1:CREM	2.70018
0.2606	0.193057	0.290902	0.25544
0.29793	0.203743	0.261611	0.236716
0.174845	0.166318	0.245649	0.413188
0.18621	0.177128	0.390283	0.246379
0.445741	0.112139	0.281389	0.160732
0.171869	0.422731	0.182497	0.222903
0.256025	0.100011	0.480715	0.163249
0.268049	0.185151	0.235372	0.311428
0.340203	0.18301	0.278534	0.198253
0.336613	0.15125	0.270138	0.241999
>M00125_2.00	M00125_2.00:ATF3:JDP2	5.26809
0.226159	0.202601	0.358252	0.212988
0.460836	0.13742	0.36983	0.0319139
0.00417288	0.0131788	0.00161383	0.981035
0.0442732	0.0369801	0.742765	0.175982
0.987799	0.000324808	0.000224356	0.011652
0.041156	0.637382	0.123639	0.197822
0.166793	0.107421	0.49609	0.229696
0.203168	0.294133	0.136187	0.366512
0.366588	0.277061	0.220135	0.136216
0.35048	0.20221	0.214714	0.232596
>M00126_2.00	M00126_2.00:MAF:MAFA:MAFB:MAFG:MAFK:NRL	7.80271
0.311331	0.229556	0.229556	0.229556
0.263927	0.336617	0.247677	0.151778
0.0465124	0.0465124	0.860463	0.0465124
0.020238	0.020238	0.020238	0.939286
0.020238	0.939286	0.020238	0.020238
0.919257	0.00020873	0.00020873	0.0803257
0.00020873	0.00020873	0.999374	0.00020873
0.00020873	0.999374	0.00020873	0.00020873
0.938043	0.0206523	0.0206523	0.0206523
0.403239	0.220542	0.175901	0.200318
0.203696	0.203696	0.203696	0.388911
0.229971	0.229971	0.229971	0.310088
0.229971	0.229971	0.229971	0.310088
>M00128_2.00	M00128_2.00:BCL6B	6.34028
0.204139	0.204139	0.297022	0.2947
0.0755113	0.258693	0.0755113	0.590285
0.0755113	0.475764	0.0755113	0.373214
0.0247139	0.2272	0.117305	0.630781
0.000190627	0.204678	0.000190627	0.79494
0.000190627	0.297041	0.000190627	0.702578
0.000190627	0.813622	0.000190627	0.185997
0.000190627	0.273933	0.112087	0.613789
0.58574	0.136642	0.0460517	0.231566
0.174679	0.174679	0.475962	0.174679
0.386441	0.174679	0.2642	0.174679
0.32357	0.225477	0.225477	0.225477
>M00129_2.00	M00129_2.00:GLIS2	7.05669
0.297787	0.205271	0.29167	0.205271
0.122468	0.122468	0.516476	0.238588
0.853502	0.0488326	0.0488326	0.0488326
0.000178164	0.999466	0.000178164	0.000178164
0.000178164	0.999466	0.000178164	0.000178164
0.000178164	0.999466	0.000178164	0.000178164
0.000178164	0.999466	0.000178164	0.000178164
0.000178164	0.634038	0.000178164	0.365605
0.0449067	0.678767	0.0449067	0.23142
0.335713	0.12771	0.227261	0.309315
0.201346	0.300897	0.201346	0.296412
>M00130_2.00	M00130_2.00:PLAGL1	5.42096
0.208508	0.214858	0.327005	0.249629
0.18281	0.170451	0.423455	0.223285
0.150319	0.191093	0.494112	0.164476
0.158555	0.203589	0.553411	0.0844451
0.0384648	0.934251	0.000979948	0.0263046
0.0679701	0.924328	0.000170174	0.0075313
0.00915062	0.752816	0.0112889	0.226744
0.0568744	0.872049	0.0305953	0.0404815
0.243664	0.338929	0.119796	0.297612
0.230968	0.30256	0.200794	0.265677
>M00131_2.00	M00131_2.00:ZSCAN26	6.24138
0.720654	0.27916	9.28593e-05	9.28593e-05
9.28593e-05	0.27916	9.28593e-05	0.720654
9.28593e-05	9.28593e-05	9.28593e-05	0.999721
0.612874	0.0810002	0.107873	0.198253
0.204242	9.28593e-05	0.795572	9.28593e-05
9.28593e-05	0.190696	9.28593e-05	0.809118
0.5553	0.259544	9.28593e-05	0.185064
9.28593e-05	0.999721	9.28593e-05	9.28593e-05
>M00132_2.00	M00132_2.00:OSR1:OSR2	6.34916
0.262806	0.18465	0.201449	0.351094
0.173312	0.116217	0.675756	0.0347142
0.0133743	0.942389	1.50928e-08	0.0442365
0.0361615	0.104554	1.43533e-06	0.859283
0.677115	0.0907102	0.0281975	0.203978
4.06834e-06	0.993136	0.000188551	0.00667125
0.000395668	0.513153	3.90814e-06	0.486448
0.0980016	0.0698382	0.668656	0.163505
0.203489	0.147552	0.205154	0.443805
0.201232	0.181878	0.195525	0.421366
>M00133_2.00	M00133_2.00:SP1:SP3:SP4:SP5:SP8:SP9	6.61647
0.210214	0.458577	0.118882	0.212327
0.423407	0.501866	0.0287413	0.0459858
0.0297602	0.909753	0.0248578	0.0356295
0.156909	0.0140928	0.66892	0.160079
0.000767376	0.987545	3.89772e-05	0.011649
0.000263797	0.99967	3.04224e-05	3.57011e-05
0.000433909	0.833039	1.27157e-05	0.166514
0.296789	0.562855	0.0135045	0.126852
0.10202	0.541945	0.119721	0.236315
0.207575	0.297523	0.14923	0.345672
>M00134_2.00	M00134_2.00:KLF1:KLF12:KLF2:KLF3:KLF4:KLF5:KLF6:KLF7	6.50585
0.234441	0.180766	0.414554	0.170239
0.219242	0.497789	0.115605	0.167365
0.177318	0.538047	0.0765501	0.208085
0.515538	0.352557	0.0895871	0.042318
0.00989471	0.974574	0.000320459	0.0152107
0.228736	0.0103044	0.660217	0.100743
8.86864e-05	0.999596	0.000241075	7.40771e-05
0.000191497	0.999363	0.000173274	0.000271748
0.00112067	0.823801	0.000228534	0.17485
0.342124	0.258571	0.0771053	0.3222
>M00135_2.00	M00135_2.00:ZBTB7B	5.7523
0.342572	0.269477	0.203666	0.184285
0.0819755	0.0533258	0.630441	0.234257
0.379693	0.583686	4.593e-05	0.0365749
0.00923364	0.985209	6.80749e-05	0.00548959
0.00131831	0.998597	4.06137e-05	4.39963e-05
0.146301	0.833526	0.000174761	0.0199986
0.026438	0.792191	0.0214302	0.159941
0.189683	0.452756	0.125883	0.231679
0.311332	0.219392	0.206616	0.26266
0.306138	0.207273	0.201147	0.285441
>M00136_2.00	M00136_2.00:MTF1	7.7112
0.00490196	0.985294	0.00490196	0.00490196
0.00247525	0.00247525	0.992574	0.00247525
0.00247525	0.00247525	0.00247525	0.992574
0.00247525	0.00247525	0.992574	0.00247525
0.00247525	0.497525	0.00247525	0.497525
0.00247525	0.00247525	0.992574	0.00247525
0.00247525	0.992574	0.00247525	0.00247525
0.992574	0.00247525	0.00247525	0.00247525
0.495098	0.495098	0.00490196	0.00490196
>M00137_2.00	M00137_2.00:ZIC1:ZIC2:ZIC3:ZIC4:ZIC5	5.10814
0.207272	0.352141	0.16634	0.274248
0.0749162	0.894594	0.00652976	0.0239596
0.252946	0.641094	0.0349241	0.0710353
0.119889	0.457861	0.0242051	0.398045
0.2159	0.203327	0.5527	0.0280732
0.0597895	0.493158	0.162525	0.284528
0.183884	0.144648	0.274322	0.397146
0.12115	0.0796011	0.740279	0.0589699
0.23507	0.267704	0.183072	0.314154
0.0576823	0.125832	0.604832	0.211653
>M00139_2.00	M00139_2.00:ZNF281	6.59947
0.173942	0.560438	0.130154	0.135466
0.26206	0.419294	0.122557	0.19609
0.449152	0.0539124	0.154063	0.342873
0.0332464	0.928851	0.0229645	0.0149386
0.0267398	0.959251	0.00721493	0.00679476
0.0101422	0.969428	0.00138639	0.0190431
0.0197029	0.954098	0.00801061	0.0181881
0.0208507	0.950881	0.0120298	0.0162386
0.361848	0.403922	0.0563298	0.1779
0.293413	0.354809	0.0966968	0.255081
>M00140_2.00	M00140_2.00:ZNF410	7.38489
0.200397	0.795635	0.00198413	0.00198413
0.00124378	0.747512	0.00124378	0.25
0.996681	0.00110619	0.00110619	0.00110619
0.00110619	0.00110619	0.00110619	0.996681
0.00110619	0.996681	0.00110619	0.00110619
0.00110619	0.996681	0.00110619	0.00110619
0.00110619	0.996681	0.00110619	0.00110619
0.995739	0.00142045	0.00142045	0.00142045
>M00141_2.00	M00141_2.00:HIC2	5.79604
0.384359	0.0874947	0.433364	0.0947819
0.00141708	0.025498	0.00181957	0.971265
0.136986	0.00318954	0.853954	0.00587014
0.000720266	0.984235	0.0134889	0.00155561
0.0141119	0.97948	0.0017109	0.00469746
0.54787	0.386078	0.00945023	0.0566017
0.432663	0.219194	0.190558	0.157584
0.113275	0.528381	0.136978	0.221366
0.180992	0.346697	0.210283	0.262028
>M00142_2.00	M00142_2.00:ZNF691	6.24393
0.0412103	0.013828	0.89006	0.0549014
0.0198931	9.89707e-05	0.188143	0.791865
0.342822	0.00961538	0.647468	9.52018e-05
0.0189551	0.971426	9.4304e-05	0.00952471
9.4304e-05	0.0189551	0.00952471	0.971426
9.4304e-05	0.980856	9.4304e-05	0.0189551
0.267434	0.523129	0.127964	0.0814737
0.1001	0.283311	0.1001	0.516489
>M00143_2.00	M00143_2.00:ZNF740	6.04538
0.234762	0.48715	0.107616	0.170472
0.225596	0.670984	0.0268092	0.0766113
0.0346737	0.903233	0.0281059	0.0339871
0.0455575	0.896927	0.000747497	0.0567681
0.0444789	0.841356	0.0218678	0.0922973
0.117815	0.861883	0.00285514	0.0174462
0.0604568	0.872994	0.00548452	0.0610644
0.404091	0.150151	0.200665	0.245093
0.240527	0.299716	0.174659	0.285098
0.23464	0.24915	0.264556	0.251654
>M00144_2.00	M00144_2.00:OSR1:OSR2	5.12597
0.239345	0.218745	0.246634	0.295275
0.191857	0.178887	0.532058	0.0971982
0.0210774	0.835642	0.00235891	0.140921
0.0327837	0.170704	0.00024658	0.796265
0.546729	0.158215	0.0444317	0.250624
0.0079228	0.90664	0.00236256	0.0830751
0.000349639	0.507322	3.04065e-08	0.492328
0.126341	0.131497	0.54402	0.198142
0.176151	0.17971	0.240169	0.403971
>M00145_2.00	M00145_2.00:ZBTB14	4.46063
0.218335	0.335636	0.256218	0.189811
0.281737	0.194605	0.347572	0.176086
0.0377214	0.820757	0.0235759	0.117946
0.059238	0.0452211	0.863991	0.0315497
0.137689	0.500193	0.106165	0.255953
0.131295	0.0614025	0.683653	0.123649
0.179495	0.539231	0.125229	0.156045
0.387566	0.270396	0.135624	0.206414
0.199182	0.377744	0.137582	0.285493
>M00146_2.00	M00146_2.00:ZBTB12	6.46878
0.186932	0.247541	0.25589	0.309637
0.105991	0.0164902	0.856228	0.0212912
0.11994	0.0640831	0.0560041	0.759973
0.0832465	0.00612568	0.0749525	0.835675
0.00762332	0.986081	1.02912e-07	0.00629511
0.00600876	0.193201	0.0500064	0.750784
0.712397	0.0937178	0.111024	0.082861
0.155052	0.0975065	0.647173	0.100269
0.485838	0.118963	0.285419	0.109781
0.197488	0.257398	0.192887	0.352227
>M00148_2.00	M00148_2.00:ZNF35	5.03543
0.108008	0.054174	0.0236225	0.814196
0.0401508	0.12062	0.0164882	0.822741
0.317341	0.134287	0.387601	0.16077
0.124227	0.077642	0.111287	0.686845
0.050023	0.0920639	0.0434879	0.814425
0.133657	0.0869448	0.303467	0.475931
0.339638	0.0889328	0.267169	0.30426
0.204153	0.251859	0.141015	0.402973
0.173772	0.220908	0.186372	0.418948
0.251866	0.246878	0.320184	0.181072
>M00150_2.00	M00150_2.00:ZIC1:ZIC2:ZIC3:ZIC4	4.82127
0.252931	0.358926	0.196983	0.191161
0.114324	0.772041	0.0400063	0.0736289
0.211557	0.64839	0.0582354	0.0818176
0.100375	0.554969	0.0147157	0.32994
0.209411	0.374015	0.405166	0.0114078
0.104697	0.584684	0.0752693	0.23535
0.20094	0.187356	0.20706	0.404644
0.19898	0.0717513	0.647556	0.0817124
0.219926	0.265945	0.228901	0.285228
0.127959	0.135871	0.52938	0.206791
>M00151_2.00	M00151_2.00:ZIC1:ZIC2:ZIC3:ZIC4:ZIC5	4.83776
0.223888	0.340749	0.172629	0.262735
0.117345	0.833068	0.0212236	0.0283638
0.244512	0.632238	0.0579318	0.0653179
0.127993	0.48881	0.0137629	0.369435
0.225619	0.259523	0.482435	0.0324223
0.0715952	0.534338	0.144175	0.249892
0.203029	0.171289	0.228915	0.396767
0.18039	0.0843625	0.661906	0.0733413
0.249109	0.256696	0.195956	0.298238
0.100681	0.137271	0.540209	0.22184
>M00152_2.00	M00152_2.00:ZBTB3	5.18094
0.199381	0.604994	0.0449351	0.150689
0.62411	0.00846827	0.329088	0.0383336
0.0319924	0.850223	0.105162	0.0126227
0.0112051	4.20826e-11	0.000117228	0.988678
0.0208606	0.0127797	0.904932	0.0614276
0.0407634	0.571226	0.236935	0.151076
0.506699	0.218747	0.118856	0.155698
0.23248	0.254374	0.234817	0.278329
0.221121	0.249313	0.259488	0.270078
>M00153_2.00	M00153_2.00:E2F1:E2F2:E2F3:E2F4:E2F5:E2F6	4.87217
0.328844	0.158473	0.193559	0.319125
0.340062	0.138259	0.138259	0.383419
0.250781	0.152106	0.248285	0.348828
0.146662	0.212328	0.477294	0.163716
0.0491485	0.109382	0.841214	0.000255341
0.0986661	0.881603	9.02047e-06	0.0197221
0.00122809	1.33727e-05	0.977948	0.0208105
0.0225807	0.62459	0.326064	0.026765
0.135566	0.284138	0.36121	0.219085
0.234821	0.292605	0.182879	0.289694
>M00154_2.00	M00154_2.00:E2F1:E2F2:E2F3:E2F4:E2F5:E2F6	5.13886
0.323791	0.157606	0.184952	0.333651
0.356499	0.123511	0.133798	0.386191
0.252758	0.144378	0.247753	0.355112
0.126742	0.200769	0.545747	0.126742
0.023207	0.0747728	0.901856	0.000164385
0.0697406	0.911218	0.0002242	0.0188174
0.00017554	2.54793e-05	0.982509	0.0172897
0.011409	0.610578	0.359389	0.0186232
0.108464	0.261496	0.386224	0.243817
0.250797	0.271685	0.168114	0.309403
>M00155_2.00	M00155_2.00:ELF5:SPI1:SPIB:SPIC	5.26107
0.400158	0.141438	0.19284	0.265565
0.346223	0.15402	0.201761	0.297997
0.252726	0.215359	0.384639	0.147276
0.322103	0.282837	0.306394	0.0886656
0.169129	0.0338068	0.742974	0.0540906
0.0487517	0.0239685	0.894926	0.0323541
0.906122	0.00229142	0.00938557	0.0822015
0.833294	0.0379165	0.000358935	0.12843
0.17048	0.307544	0.432083	0.0898928
0.185625	0.226723	0.117182	0.470469
>M00156_2.00	M00156_2.00:EHF:ELF1:ELF2:ELF3:ELF4:ELF5:ETV6:ETV7	4.94791
0.411349	0.141096	0.19046	0.257094
0.256228	0.286021	0.214019	0.243731
0.255689	0.345145	0.28542	0.113745
0.360725	0.38688	0.177348	0.075047
0.14315	0.0280474	0.745381	0.0834207
0.125128	0.0233206	0.756981	0.0945698
0.888187	1.72349e-05	0.039614	0.0721814
0.787696	2.81309e-05	0.0293447	0.182932
0.390316	0.110715	0.414452	0.0845173
0.222956	0.197744	0.143592	0.435709
>M00157_2.00	M00157_2.00:ELF1:ELF2:ELF4:ELK1:ELK3:ELK4:ERF:ERG:ETS1:ETS2:ETV1:ETV2:ETV3:ETV3L:ETV4:ETV5:FEV:FLI1:GABPA	7.09731
0.310173	0.23916	0.232091	0.218575
0.515468	0.0999905	0.271802	0.112739
0.100868	0.708969	0.159782	0.0303808
0.125542	0.847793	0.0215988	0.00506643
0.00851127	0.00618045	0.983769	0.0015394
0.00176541	0.00525081	0.990671	0.00231262
0.980239	0.00891555	0.00474835	0.006097
0.784086	0.0209999	0.00538985	0.189525
0.330437	0.0694367	0.57273	0.0273965
0.085838	0.235677	0.0929872	0.585498
>M00158_2.00	M00158_2.00:EHF:ELF1:ELF2:ELF3:ELF4:ELF5:ETV6:ETV7:FEV	6.26387
0.497929	0.0965883	0.145541	0.259942
0.239502	0.275493	0.25945	0.225555
0.238666	0.401443	0.297397	0.0624937
0.339402	0.554011	0.0934274	0.01316
0.00933634	0.00123852	0.986255	0.00317058
0.00669669	0.00319508	0.983988	0.00612032
0.979497	0.00437996	0.00545776	0.0106658
0.868199	0.0198146	0.00460168	0.107385
0.352316	0.0960173	0.530876	0.0207912
0.123743	0.244253	0.0829471	0.549058
>M00159_2.00	M00159_2.00:ELF1:ELF2:ELF4:SPDEF	5.19397
0.401213	0.134894	0.189519	0.274374
0.288005	0.299758	0.235798	0.176439
0.20731	0.504826	0.205247	0.0826169
0.276376	0.615087	0.0849246	0.0236122
0.00125608	0.0181378	0.980434	0.0001717
0.00507709	0.0559657	0.893136	0.0458209
0.810468	0.0284347	0.0765246	0.0845727
0.293995	0.181919	0.067597	0.456488
0.285185	0.231166	0.308937	0.174712
0.171414	0.277017	0.125723	0.425847
>M00160_2.00	M00160_2.00:FOXC2:FOXD1:FOXD2:FOXD3:FOXG1:FOXI1:FOXI2:FOXI3:FOXJ2:FOXJ3:FOXK1:FOXK2:FOXP1:FOXP3:FOXP4	6.67251
0.272342	0.213287	0.238265	0.276106
0.383328	0.0712158	0.521888	0.0235682
0.117428	0.105265	0.0210018	0.756306
0.834939	0.152266	7.03904e-06	0.0127884
0.908292	0.0590962	0.00296669	0.0296455
0.977393	0.0144894	0.00162799	0.00648963
0.00128199	0.843632	6.76126e-07	0.155085
0.965164	0.0120826	0.00683097	0.0159217
0.479654	0.164189	0.114694	0.241463
0.417043	0.185221	0.142285	0.255451
>M00161_2.00	M00161_2.00:FOXJ1:FOXJ2	7.90928
0.394926	0.201691	0.201691	0.201691
0.357836	0.147163	0.347838	0.147163
0.159006	0.172368	0.0687833	0.599842
0.841382	0.113021	0.0227983	0.0227983
0.999531	0.000156171	0.000156171	0.000156171
0.999531	0.000156171	0.000156171	0.000156171
0.000156171	0.999531	0.000156171	0.000156171
0.999531	0.000156171	0.000156171	0.000156171
0.854605	0.048465	0.048465	0.048465
0.69102	0.102993	0.102993	0.102993
0.181373	0.360053	0.181373	0.277201
0.317926	0.227358	0.227358	0.227358
>M00162_2.00	M00162_2.00:FOXA1:FOXA2:FOXA3:FOXB1:FOXB2	6.86283
0.160144	0.000399361	0.839058	0.000399361
0.000322165	0.0325387	0.000322165	0.966817
0.878027	0.121368	0.000302663	0.000302663
0.968826	0.030569	0.000302663	0.000302663
0.999092	0.000302663	0.000302663	0.000302663
0.000302663	0.635896	0.000302663	0.363499
0.999092	0.000302663	0.000302663	0.000302663
0.630777	0.105567	0.105567	0.158088
>M00163_2.00	M00163_2.00:FOXI1:FOXJ3:FOXK1:FOXK2	6.35693
0.309467	0.142959	0.547336	0.000237869
0.295052	0.000163827	0.000163827	0.70462
0.61951	0.295749	0.000140766	0.0846002
0.888534	0.0695447	0.000138812	0.0417823
0.999584	0.000138812	0.000138812	0.000138812
0.000138812	0.95794	0.000138812	0.0417823
0.999572	0.000142776	0.000142776	0.000142776
0.660068	0.132164	0.0567496	0.151018
>M00164_2.00	M00164_2.00:FOXC1:FOXC2:FOXD1:FOXD2:FOXD3:FOXD4:FOXD4L1:FOXD4L3:FOXD4L4:FOXD4L5:FOXD4L6:FOXE1:FOXE3:FOXF1:FOXF2:FOXG1:FOXI1:FOXI3:FOXL1:FOXL2:FOXS1	5.85848
0.366283	0.166235	0.164581	0.302901
0.345139	0.171391	0.195185	0.288285
0.267836	0.18134	0.196443	0.354381
0.346821	0.108724	0.419393	0.125062
0.146969	0.100507	0.0318241	0.7207
0.700016	0.254959	0.000719717	0.0443052
0.906192	0.053477	0.0003164	0.0400149
0.9344	0.000770978	0.0235684	0.0412605
0.0330484	0.600627	0.0333806	0.332944
0.853101	0.0478886	0.0455531	0.053457
>M00165_2.00	M00165_2.00:GATA1:GATA2:GATA3:GATA4:GATA5:GATA6	5.03663
0.229267	0.280027	0.26372	0.226986
0.435295	0.191718	0.0406917	0.332295
0.00496794	0.00323169	0.985357	0.00644306
0.991818	0.000570946	7.65003e-05	0.00753485
0.00297107	0.00456729	0.00125724	0.991204
0.755577	0.0204398	0.0117927	0.21219
0.638146	0.080525	0.151195	0.130134
0.180992	0.289586	0.357256	0.172165
>M00166_2.00	M00166_2.00:GATA1:GATA2:GATA3:GATA4:GATA5:GATA6	4.2672
0.268595	0.233506	0.226604	0.271295
0.274182	0.235991	0.229016	0.26081
0.228672	0.255262	0.268349	0.247717
0.424078	0.23744	0.0653604	0.273121
0.0738588	0.0288513	0.873191	0.0240986
0.941711	0.00965715	0.00174665	0.046885
0.0627643	0.0302467	0.0362118	0.870777
0.486794	0.180881	0.0953773	0.236948
0.453949	0.132686	0.190183	0.223182
0.227316	0.258874	0.31619	0.197619
>M00167_2.00	M00167_2.00:GATA1:GATA2:GATA3:GATA4:GATA5:GATA6	3.70392
0.269704	0.232136	0.25655	0.24161
0.223924	0.265418	0.268085	0.242574
0.334851	0.238337	0.111462	0.31535
0.139815	0.113332	0.678797	0.0680554
0.741047	0.0469022	0.102316	0.109735
0.190215	0.0829433	0.0889573	0.637884
0.577501	0.109805	0.10445	0.208244
0.492768	0.132959	0.175922	0.198351
0.218515	0.266895	0.3427	0.17189
>M00168_2.00	M00168_2.00:GCM1:GCM2	5.44257
0.220991	0.264574	0.272632	0.241803
0.530934	0.183945	0.203291	0.0818295
0.102634	0.102634	0.0661	0.728632
0.301843	0.14258	0.549993	0.005584
0.162465	0.523462	0.198435	0.115638
0.0862171	0.0601516	0.690122	0.163509
0.00506408	0.0101978	0.974742	0.00999588
0.00561205	0.00383787	0.97742	0.0131302
0.116745	0.317345	0.111051	0.45486
>M00169_2.00	M00169_2.00:SIX3:SIX6	3.31291
0.189564	0.248322	0.164799	0.397314
0.171082	0.164374	0.433608	0.230936
0.736823	0.172837	0.00011218	0.0902287
0.119808	0.193619	0.03075	0.655823
0.544071	0.336662	0.000272281	0.118995
0.13072	0.456257	0.144468	0.268555
0.205555	0.335531	0.229457	0.229457
>M00170_2.00	M00170_2.00:DBX2:NKX3-1:NKX3-2	5.58095
0.209374	0.23372	0.159832	0.397074
0.16345	0.121087	0.144967	0.570496
0.767485	0.0124674	0.178238	0.0418093
0.971535	0.00409136	0.0156251	0.00874846
0.0113939	0.00249198	0.856692	0.129422
0.130487	0.0229032	0.0957057	0.750904
0.343268	0.0181471	0.613089	0.0254957
0.0978175	0.321534	0.373569	0.20708
0.177217	0.319698	0.207966	0.295118
0.190838	0.262808	0.198626	0.347729
>M00171_2.00	M00171_2.00:HMBOX1:HNF1A:HNF1B	4.14464
0.208589	0.259918	0.115627	0.415867
0.174432	0.0695145	0.0271543	0.728899
0.781902	0.0557975	0.0180245	0.144276
0.872713	0.00894959	0.0263537	0.0919833
0.000143365	0.726066	0.0415809	0.23221
0.0950602	0.393275	0.110444	0.40122
0.294001	0.176546	0.268697	0.260756
0.31157	0.204716	0.321059	0.162654
>M00172_2.00	M00172_2.00:ALX1:ALX3:ALX4:ARX:BARX1:BARX2:BSX:DLX1:DLX2:DLX3:DLX4:DLX5:DLX6:DRGX:EMX1:EMX2:EN1:EN2:ESX1:EVX1:EVX2:GBX1:GBX2:GSX1:GSX2:HMX1:HMX3:HOXA1:HOXA2:HOXA3:HOXA4:HOXA5:HOXA7:HOXB1:HOXB2:HOXB3:HOXB4:HOXB5:HOXB7:HOXC4:HOXC5:HOXD1:HOXD3:HOXD4:ISX:LHX3:LHX4:MEOX1:MEOX2:MIXL1:MNX1:MSX1:MSX2:NANOG:NANOGP8:NKX1-1:NKX1-2:NOTO:OTP:PDX1:PHOX2A:PHOX2B:PROP1:PRRX1:PRRX2:RAX:RAX2:SEBOX:SHOX:SHOX2:UNCX:VAX1:VAX2:VENTX:VSX1:VSX2	4.9286
0.183789	0.303016	0.164644	0.348551
0.107098	0.0542577	0.0231905	0.815454
0.868219	0.022566	0.0741763	0.0350384
0.965411	0.0176821	0.000907152	0.0159994
0.018285	0.0971331	0.0507079	0.833874
0.113053	0.0963375	0.418995	0.371615
0.447592	0.0636807	0.359201	0.129526
0.204977	0.311967	0.273937	0.209118
0.22774	0.286634	0.210231	0.275395
0.212729	0.24964	0.210612	0.327019
>M00173_2.00	M00173_2.00:IRF9	4.62105
0.449112	0.168557	0.152516	0.229815
0.282222	0.198879	0.206995	0.311904
0.164944	0.443902	0.135045	0.256109
0.214167	0.0897255	0.593926	0.102182
0.653144	0.109049	0.11237	0.125436
0.724258	0.0177281	0.0980177	0.159996
0.840172	0.0152352	4.5212e-05	0.144547
0.156347	0.493774	0.21531	0.134569
0.200275	0.287061	0.125173	0.387491
>M00174_2.00	M00174_2.00:IRF3	5.44628
0.448498	0.0741363	0.359928	0.117437
0.488749	0.0996685	0.20682	0.204762
0.498836	0.098719	0.105877	0.296568
0.236972	0.286559	0.23228	0.244189
0.110747	0.289237	0.467428	0.132588
0.1006	0.0229003	0.872316	0.00418352
0.65466	0.15824	0.109302	0.077798
0.673628	0.0867194	0.0800521	0.159601
0.692509	0.152982	0.037725	0.116783
0.0966909	0.584946	0.196668	0.121695
>M00175_2.00	M00175_2.00:IRF4:IRF8	5.02363
0.303977	0.189986	0.239117	0.266921
0.362132	0.194807	0.185306	0.257755
0.219001	0.32671	0.214664	0.239625
0.127591	0.497118	0.0797445	0.295547
0.0891349	0.0245362	0.854187	0.0321416
0.744948	0.0761965	0.130754	0.0481016
0.639821	0.00969091	0.157778	0.19271
0.881945	0.04304	0.000415667	0.0745992
0.13304	0.534137	0.240003	0.0928191
0.158686	0.346169	0.131227	0.363918
>M00176_2.00	M00176_2.00:IRF5:IRF6	5.06124
0.262254	0.230284	0.292748	0.214715
0.353402	0.201866	0.295186	0.149546
0.198546	0.337316	0.221633	0.242505
0.182675	0.527267	0.0713578	0.218701
0.0940543	0.0294847	0.832033	0.0444281
0.79416	0.031415	0.119975	0.0544501
0.454503	0.0276384	0.163891	0.353967
0.942619	0.00848807	0.0112308	0.0376624
0.0707846	0.664903	0.170655	0.0936573
0.130404	0.380178	0.138468	0.350949
>M00177_2.00	M00177_2.00:IRF5	5.29753
0.308454	0.190866	0.262847	0.237834
0.41358	0.169839	0.23624	0.180341
0.236104	0.309288	0.185726	0.268882
0.166646	0.56446	0.0527662	0.216128
0.0962959	0.0202352	0.860424	0.0230445
0.793615	0.0459061	0.13791	0.0225695
0.5621	0.00303946	0.213082	0.221778
0.939833	0.0138143	2.72065e-05	0.0463259
0.110088	0.590685	0.210879	0.0883479
0.158104	0.3449	0.108121	0.388874
>M00178_2.00	M00178_2.00:SRF	3.84028
0.212984	0.416099	0.142972	0.227946
0.201998	0.401559	0.182516	0.213926
0.432247	0.0832387	0.179282	0.305232
0.394149	0.0988162	0.146383	0.360651
0.532912	0.0759976	0.118189	0.272901
0.272901	0.118189	0.0759976	0.532912
0.360651	0.146383	0.0988162	0.394149
0.305232	0.179282	0.0832387	0.432247
0.213926	0.182516	0.401559	0.201998
0.227946	0.142972	0.416099	0.212984
>M00179_2.00	M00179_2.00:MYB:MYBL1	5.72747
0.198025	0.333083	0.0369067	0.431985
0.980382	0.0013743	0.0127808	0.0054627
0.961334	0.0330599	0.00299913	0.00260732
0.00116909	0.998472	1.05274e-05	0.00034862
0.0367252	0.148928	0.680932	0.133415
0.107987	0.0240951	0.782119	0.085799
0.282515	0.291119	0.0599633	0.366402
0.21256	0.432345	0.0766481	0.278446
0.331406	0.193126	0.219937	0.255531
0.300081	0.220094	0.185685	0.294139
>M00180_2.00	M00180_2.00:MYB:MYBL1	5.53994
0.165458	0.34334	0.0369188	0.454283
0.975103	0.000330398	0.0199363	0.00462994
0.948213	0.0472087	0.00361315	0.000965199
0.00169211	0.99822	4.48682e-05	4.31089e-05
0.0333774	0.182706	0.625079	0.158837
0.0983448	0.0351098	0.748805	0.11774
0.262572	0.281611	0.0641052	0.391712
0.19194	0.427171	0.0828626	0.298027
0.317812	0.187065	0.252512	0.242611
>M00181_2.00	M00181_2.00:HNF4G:NR1H4:NR2C1:NR2C2:NR2F1:NR2F2:NR2F6:NR4A1:NR4A2:NR4A3:NR5A1:NR5A2:NR6A1:PPARA:PPARD:PPARG:RARA:RARB:RARG:RORA:RORB:RORC:RXRA:RXRB:RXRG:THRA:THRB	5.66416
0.325203	0.229167	0.1767	0.26893
0.302762	0.119456	0.489286	0.0884952
0.447338	0.000344147	0.551871	0.000446335
0.0418048	0.000160897	0.956243	0.00179143
0.0235816	0.000259361	0.765452	0.210707
0.0486148	0.000240251	0.0851085	0.866036
0.0811156	0.682577	0.097113	0.139195
0.814947	0.000278907	0.169546	0.0152278
0.270941	0.314788	0.148695	0.265576
0.251452	0.223018	0.319658	0.205872
>M00182_2.00	M00182_2.00:HNF4A:HNF4G:NR2E1:NR2F1:NR2F2:NR2F6:NR6A1:RXRB:RXRG	4.28372
0.335787	0.227347	0.218433	0.218433
0.308956	0.147407	0.412898	0.130739
0.384796	0.0461877	0.52464	0.0443766
0.0181957	0.000549462	0.935597	0.0456583
0.0660963	0.000114305	0.42036	0.513429
0.127654	0.379679	0.101426	0.391242
0.153029	0.652382	0.10361	0.0909791
0.586362	0.0921979	0.253139	0.0683019
0.30759	0.259503	0.198099	0.234808
0.269577	0.239094	0.229719	0.26161
>M00183_2.00	M00183_2.00:ESR1:ESR2:ESRRA:ESRRB:ESRRG	6.3098
0.210071	0.435914	0.24652	0.107495
0.703605	0.026212	0.189847	0.080336
0.865652	0.0266685	0.100835	0.00684476
0.0320962	0.000467077	0.896716	0.0707208
0.0144404	0.0032221	0.972658	0.00967971
0.123392	0.00796745	0.122164	0.746477
0.00816941	0.773091	0.0775092	0.141231
0.731929	0.0198	0.220453	0.027818
0.295829	0.259766	0.123938	0.320467
>M00184_2.00	M00184_2.00:ESR1:ESR2:HNF4A:HNF4G:NR1D1:NR1D2:NR1H2:NR1H3:NR1H4:NR2C1:NR2C2:NR2F1:NR2F2:NR2F6:NR4A1:NR4A2:NR4A3:NR5A2:NR6A1:PPARA:PPARD:PPARG:RARA:RARB:RARG:RORA:RORB:RORC:RXRA:RXRB:RXRG:THRA:THRB	5.61076
0.343561	0.117844	0.441142	0.0974526
0.519548	0.0101043	0.465429	0.00491828
0.00563964	0.00037151	0.972451	0.021538
0.0141191	0.000182233	0.941551	0.0441472
0.00487951	0.0148062	0.0316597	0.948655
0.00468914	0.893593	0.0283677	0.0733506
0.851749	0.0106685	0.121182	0.0164002
0.304843	0.304843	0.152902	0.237412
>M00185_2.00	M00185_2.00:ESR1:ESR2:NR1D1:NR1D2:NR1H2:NR1H3:NR1H4:NR2C1:NR2C2:NR2F1:NR2F2:NR2F6:NR4A1:NR5A2:NR6A1:PPARA:PPARD:PPARG:RARA:RARB:RARG:RORA:RORB:RORC:RXRA:RXRB:RXRG	5.34648
0.347647	0.151591	0.347647	0.153115
0.564155	0.0843799	0.332064	0.0194011
0.00431733	4.60807e-05	0.955885	0.0397511
0.00465096	1.18797e-05	0.818173	0.177164
0.0508181	0.0358109	0.0692867	0.844084
0.0185409	0.854042	0.0451495	0.0822678
0.872278	0.00605636	0.104701	0.0169643
0.268794	0.328306	0.178385	0.224515
>M00186_2.00	M00186_2.00:RFX1:RFX2:RFX3:RFX4:RFX6	5.38501
0.0719686	0.0275563	0.876757	0.0237179
0.0437506	0.062085	0.0829722	0.811192
0.263828	0.195449	0.03535	0.505373
0.277657	0.0502187	0.476462	0.195662
0.040535	0.621518	0.0642104	0.273736
0.0277353	0.45156	0.0911683	0.429537
0.579359	0.1359	0.150193	0.134548
0.268595	0.156524	0.265923	0.308958
0.108591	0.16861	0.656936	0.0658636
0.169606	0.263349	0.369991	0.197054
>M00187_2.00	M00187_2.00:RFX5:RFX7	5.09274
0.112836	0.359938	0.306719	0.220508
0.105431	0.000349258	0.843917	0.0503025
0.0424409	0.0706765	0.0596273	0.827255
0.192406	0.221319	0.0140077	0.572267
0.304137	0.0284309	0.486617	0.180816
0.0691492	0.656069	0.0607196	0.214062
0.0713945	0.379259	0.113094	0.436252
0.515965	0.0835996	0.266677	0.133759
0.26626	0.176703	0.277126	0.279911
0.176934	0.211828	0.47617	0.135068
>M00188_2.00	M00188_2.00:RFX1:RFX2:RFX3:RFX4:RFX6	5.3927
0.104605	0.584172	0.194454	0.116769
0.266268	0.282733	0.156727	0.294272
0.0987183	0.112423	0.0738673	0.714991
0.512814	0.101485	0.365006	0.0206954
0.25517	0.103744	0.573599	0.0674867
0.184311	0.457887	0.038345	0.319457
0.484397	0.0189709	0.233435	0.263197
0.869982	0.0539724	0.0478692	0.0281761
0.0219106	0.904128	0.0026564	0.0713053
0.236202	0.300271	0.335186	0.12834
>M00190_2.00	M00190_2.00:GMEB1:GMEB2	4.1665
0.196646	0.249986	0.198622	0.354747
0.14479	0.176847	0.356126	0.322236
0.65613	0.12601	0.165068	0.052792
0.0007648	0.984229	9.84564e-05	0.0149074
0.000421895	0.000119672	0.999247	0.000211613
0.0308592	0.441173	0.0354966	0.492471
0.427619	0.180952	0.170414	0.221015
0.279059	0.311508	0.200622	0.20881
0.274317	0.23848	0.255772	0.231432
>M00192_2.00	M00192_2.00:SMAD1:SMAD3:SMAD9	4.23758
0.28871	0.216031	0.234024	0.261235
0.267885	0.210726	0.228276	0.293113
0.254675	0.244689	0.210606	0.290031
0.178353	0.381367	0.19711	0.24317
0.142077	0.390086	0.214084	0.253754
0.577609	0.339984	0.0758606	0.00654629
0.0690475	0.0670068	0.858163	0.00578226
0.628592	0.26335	0.0481097	0.0599483
0.080759	0.917332	2.81973e-05	0.00188037
0.388991	0.137491	0.312172	0.161347
>M00193_2.00	M00193_2.00:LEF1:TCF7:TCF7L1:TCF7L2	2.86157
0.181253	0.200316	0.105625	0.512805
0.193981	0.157238	0.162027	0.486755
0.165856	0.19078	0.108975	0.534388
0.214521	0.234724	0.386994	0.163761
0.366461	0.201118	0.166316	0.266105
0.245754	0.197223	0.159866	0.397157
0.204582	0.302164	0.324073	0.169181
0.226849	0.220145	0.217954	0.335052
0.25735	0.221503	0.242363	0.278784
>M00194_2.00	M00194_2.00:HBP1	2.62467
0.226419	0.257852	0.260443	0.255286
0.256789	0.177373	0.194077	0.371762
0.185974	0.312814	0.363438	0.137773
0.50577	0.103139	0.144906	0.246185
0.528531	0.0767153	0.198364	0.19639
0.225196	0.16683	0.131233	0.476741
0.220657	0.150899	0.414308	0.214136
0.349045	0.129697	0.335359	0.185899
>M00195_2.00	M00195_2.00:BBX:CIC	7.28281
0.279067	0.181426	0.181426	0.358081
0.289551	0.189085	0.212315	0.309049
0.0001051	0.0001051	0.0001051	0.999685
0.0001051	0.0001051	0.999685	0.0001051
0.0001051	0.999685	0.0001051	0.0001051
0.0001051	0.0001051	0.0001051	0.999685
0.0001051	0.0001051	0.999685	0.0001051
0.999685	0.0001051	0.0001051	0.0001051
0.0686789	0.61313	0.162332	0.155859
0.241038	0.14719	0.14719	0.464583
>M00196_2.00	M00196_2.00:BBX:CIC	7.59934
0.00961538	0.00961538	0.00961538	0.971154
0.00961538	0.00961538	0.00961538	0.971154
0.00961538	0.971154	0.00961538	0.00961538
0.971154	0.00961538	0.00961538	0.00961538
0.00961538	0.00961538	0.00961538	0.971154
0.00961538	0.00961538	0.00961538	0.971154
0.00961538	0.00961538	0.971154	0.00961538
0.971154	0.00961538	0.00961538	0.00961538
>M00197_2.00	M00197_2.00:SOX1:SOX10:SOX11:SOX12:SOX13:SOX14:SOX15:SOX17:SOX18:SOX2:SOX21:SOX3:SOX30:SOX4:SOX5:SOX6:SOX7:SOX8:SOX9:SRY	4.38107
0.312219	0.20108	0.253079	0.233622
0.315226	0.161304	0.285228	0.238242
0.425231	0.166107	0.217594	0.191068
0.602919	0.0430251	0.0297189	0.324337
0.0582109	0.504755	0.24569	0.191344
0.971833	0.0164312	0.000386425	0.0113496
0.890196	0.0312319	0.07837	0.000202188
0.180233	0.0521565	0.0440026	0.723608
>M00198_2.00	M00198_2.00:LEF1:TCF7:TCF7L1:TCF7L2	6.34124
0.487867	0.12903	0.194424	0.188678
0.105157	0.367034	0.405635	0.122175
0.637879	0.0446185	0.0221569	0.295346
0.127896	0.0366428	0.0138907	0.82157
0.117054	0.666899	0.135998	0.080049
0.875401	0.0139389	0.0136629	0.0969972
0.81883	0.0464268	0.0854453	0.0492977
0.728316	0.0197023	0.107849	0.144133
0.179802	0.178013	0.562199	0.0799863
0.267968	0.186955	0.403779	0.141298
>M00199_2.00	M00199_2.00:SOX1:SOX10:SOX11:SOX12:SOX13:SOX14:SOX15:SOX17:SOX18:SOX2:SOX21:SOX3:SOX30:SOX4:SOX5:SOX6:SOX7:SOX8:SOX9:SRY	4.2562
0.272019	0.220494	0.246133	0.261353
0.262729	0.212964	0.281779	0.242529
0.272786	0.206167	0.316932	0.204116
0.471453	0.15078	0.193605	0.184163
0.406978	0.0508438	0.0450944	0.497084
0.0803233	0.40996	0.418242	0.0914745
0.934269	0.000353371	2.70455e-05	0.0653505
0.941936	0.0228268	0.0350907	0.000146305
0.115517	0.0534858	0.0351427	0.795855
>M00200_2.00	M00200_2.00:LEF1:TCF7:TCF7L1:TCF7L2	6.40802
0.487159	0.134101	0.19221	0.18653
0.103241	0.367628	0.410375	0.118756
0.639521	0.0417091	0.0226627	0.296107
0.118677	0.0350372	0.0121388	0.834147
0.107632	0.677712	0.134118	0.0805374
0.874585	0.0171801	0.0132467	0.0949879
0.809823	0.0589574	0.0862126	0.0450069
0.758453	0.0140312	0.0996118	0.127904
0.182254	0.175107	0.575592	0.0670473
0.284337	0.183124	0.403494	0.129045
>M00201_2.00	M00201_2.00:SOX1:SOX10:SOX11:SOX12:SOX13:SOX14:SOX15:SOX17:SOX18:SOX2:SOX21:SOX3:SOX30:SOX4:SOX5:SOX6:SOX7:SOX8:SOX9:SRY	5.32698
0.806958	0.018417	0.0149285	0.159696
0.000157525	0.06355	0.0094105	0.926882
0.000161598	0.000156822	7.94488e-05	0.999602
0.26159	0.0787895	0.649875	0.00974525
0.0832981	0.0233927	0.028572	0.864737
0.102484	0.262358	0.142552	0.492606
0.245858	0.288517	0.199289	0.266335
0.201761	0.272348	0.161917	0.363974
0.224773	0.248413	0.285743	0.241071
0.193695	0.309911	0.195642	0.300752
>M00202_2.00	M00202_2.00:SOX1:SOX10:SOX11:SOX12:SOX13:SOX14:SOX15:SOX17:SOX18:SOX2:SOX21:SOX3:SOX30:SOX4:SOX5:SOX6:SOX7:SOX8:SOX9:SRY	3.79957
0.631817	0.0561822	0.062715	0.249286
0.000159885	0.0544181	0.0415417	0.90388
0.0900568	0.00054359	0.0200944	0.889305
0.20184	0.259167	0.449203	0.0897901
0.325271	0.0690381	0.0904375	0.515253
0.239857	0.228159	0.198352	0.333633
0.238056	0.260475	0.198841	0.302628
0.252609	0.237898	0.221815	0.287678
0.254386	0.249349	0.244411	0.251855
>M00203_2.00	M00203_2.00:SOX1:SOX10:SOX11:SOX12:SOX13:SOX14:SOX15:SOX17:SOX18:SOX2:SOX21:SOX3:SOX30:SOX4:SOX5:SOX6:SOX7:SOX8:SOX9:SRY	4.92648
0.711397	0.0626292	0.0749807	0.150993
0.0136226	0.102692	0.0366616	0.847024
0.0357065	0.00534057	0.000489354	0.958464
0.163603	0.110768	0.676843	0.0487858
0.0839743	0.0358919	0.0341414	0.845992
0.117419	0.271985	0.139177	0.471419
0.223078	0.342928	0.166921	0.267073
0.215726	0.282593	0.176621	0.32506
>M00204_2.00	M00204_2.00:SOX1:SOX10:SOX11:SOX12:SOX13:SOX14:SOX15:SOX17:SOX18:SOX2:SOX21:SOX3:SOX30:SOX4:SOX5:SOX6:SOX7:SOX8:SOX9:SRY	4.14493
0.304046	0.207925	0.241575	0.246455
